Matrix
Diagram 1
[[0	0	0	0	0	0	0	0]
 [0	0	0	0	1	0	1	0]
 [0	0	0	0	0	0	0	1]
 [0	0	0	0	1	0	0	1]
 [0	0	0	0	0	1	0	0]
 [0	0	0	0	0	0	0	0]
 [0	0	0	0	0	0	0	0]
 [1	0	0	0	0	1	1	0]
]

Diagram 2
[[0	1	0	0	1	0]
 [1	0	1	0	1	0]		
 [0	1	0	1	0	0]		
 [0	0	1	0	1	1]		
 [1	1	0	1	0	0]		
 [0	0	0	1	0	0]	
]


List
Diagram 1
0,0,0,0,0,0,0,0
0,0,0,0,1,0,1,0
0,0,0,0,0,0,0,1
0,0,0,0,1,0,0,1
0,0,0,0,0,1,0,0
0,0,0,0,0,0,0,0
0,0,0,0,0,0,0,0
1,0,0,0,0,1,1,0
		
Diagram 2
0,1,0,0,1,0	
1,0,1,0,1,0
0,1,0,1,0,0
0,0,1,0,1,1
1,1,0,1,0,0
0,0,0,1,0,0		
